    64   2   0   0   192   448   3   0  12  44   1   0   0   0   1
  9 9 8    0 0 0 0.0 0.0


  1          0.0000      0.0000      0.0000
  2          0.0000      0.0000      2.0150
  1          0.0000      0.0000      4.0300
  2          0.0000      0.0000      6.0450
  2          0.0000      2.0150      0.0000
  1          0.0000      2.0150      2.0150
  2          0.0000      2.0150      4.0300
  1          0.0000      2.0150      6.0450
  1          0.0000      4.0300      0.0000
  2          0.0000      4.0300      2.0150
  1          0.0000      4.0300      4.0300
  2          0.0000      4.0300      6.0450
  2          0.0000      6.0450      0.0000
  1          0.0000      6.0450      2.0150
  2          0.0000      6.0450      4.0300
  1          0.0000      6.0450      6.0450
  2          2.0150      0.0000      0.0000
  1          2.0150      0.0000      2.0150
  2          2.0150      0.0000      4.0300
  1          2.0150      0.0000      6.0450
  1          2.0150      2.0150      0.0000
  2          2.0150      2.0150      2.0150
  1          2.0150      2.0150      4.0300
  2          2.0150      2.0150      6.0450
  2          2.0150      4.0300      0.0000
  1          2.0150      4.0300      2.0150
  2          2.0150      4.0300      4.0300
  1          2.0150      4.0300      6.0450
  1          2.0150      6.0450      0.0000
  2          2.0150      6.0450      2.0150
  1          2.0150      6.0450      4.0300
  2          2.0150      6.0450      6.0450
  1          4.0300      0.0000      0.0000
  2          4.0300      0.0000      2.0150
  1          4.0300      0.0000      4.0300
  2          4.0300      0.0000      6.0450
  2          4.0300      2.0150      0.0000
  1          4.0300      2.0150      2.0150
  2          4.0300      2.0150      4.0300
  1          4.0300      2.0150      6.0450
  1          4.0300      4.0300      0.0000
  2          4.0300      4.0300      2.0150
  1          4.0300      4.0300      4.0300
  2          4.0300      4.0300      6.0450
  2          4.0300      6.0450      0.0000
  1          4.0300      6.0450      2.0150
  2          4.0300      6.0450      4.0300
  1          4.0300      6.0450      6.0450
  2          6.0450      0.0000      0.0000
  1          6.0450      0.0000      2.0150
  2          6.0450      0.0000      4.0300
  1          6.0450      0.0000      6.0450
  1          6.0450      2.0150      0.0000
  2          6.0450      2.0150      2.0150
  1          6.0450      2.0150      4.0300
  2          6.0450      2.0150      6.0450
  2          6.0450      4.0300      0.0000
  1          6.0450      4.0300      2.0150
  2          6.0450      4.0300      4.0300
  1          6.0450      4.0300      6.0450
  1          6.0450      6.0450      0.0000
  2          6.0450      6.0450      2.0150
  1          6.0450      6.0450      4.0300
  2          6.0450      6.0450      6.0450
  9.0   7
0   8
    14710.0000000              0.0007210        
     2207.0000000              0.0055530        
      502.8000000              0.0282670        
      142.6000000              0.1064440        
       46.4700000              0.2868140        
       16.7000000              0.4486410        
        6.3560000              0.2647610        
        1.3160000              0.0153330        
0   8
    14710.0000000             -0.0001650        
     2207.0000000             -0.0013080        
      502.8000000             -0.0064950        
      142.6000000             -0.0266910        
       46.4700000             -0.0736900        
       16.7000000             -0.1707760        
        6.3560000             -0.1123270        
        1.3160000              0.5628140        
0   1
        0.3897000
1   3
       22.6700000              0.0448780        
        4.9770000              0.2357180        
        1.3470000              0.5085210        
1   1
        0.3471000

0   1
        0.0986300
1   1
        0.0850200



  3.0   5
0   8
     1469.0000000              0.0007660        
      220.5000000              0.0058920        
       50.2600000              0.0296710        
       14.2400000              0.1091800        
        4.5810000              0.2827890        
        1.5800000              0.4531230        
        0.5640000              0.2747740        
        0.0734500              0.0097510        
0   8
     1469.0000000             -0.0001200        
      220.5000000             -0.0009230        
       50.2600000             -0.0046890        
       14.2400000             -0.0176820        
        4.5810000             -0.0489020        
        1.5800000             -0.0960090        
        0.5640000             -0.1363800        
        0.0734500              0.5751020        
0   1
        0.0280500
1   3
        1.5340000              0.0227840        
        0.2749000              0.1391070        
        0.0736200              0.5003750        
1   1
        0.0240300

      1        1   1
   1    1.00000000
      1        1   3
   2    0.49077911   3    0.55470885  10    0.05607011
      1        1   3
   4    0.62842494   7    0.44739668  11    0.15779489
      1        1   3
   5    0.62855015   8    0.44737824  12    0.15760430
      1        1   3
   6    0.62862278   9    0.44736537  13    0.15749744
      1        2   1
   1    1.00000000
      1        3   1
   1    1.00000000
      1        3   3
   2    0.49077911   3    0.55470885  10    0.05607011
      1        3   3
   4    0.62842494   7    0.44739668  11    0.15779489
      1        3   3
   5    0.62855015   8    0.44737824  12    0.15760430
      1        3   3
   6    0.62862278   9    0.44736537  13    0.15749744
      1        4   1
   1    1.00000000
      1        5   1
   1    1.00000000
      1        6   1
   1    1.00000000
      1        6   3
   2    0.49077911   3    0.55470885  10    0.05607011
      1        6   3
   4    0.62842494   7    0.44739668  11    0.15779489
      1        6   3
   5    0.62855015   8    0.44737824  12    0.15760430
      1        6   3
   6    0.62862278   9    0.44736537  13    0.15749744
      1        7   1
   1    1.00000000
      1        8   1
   1    1.00000000
      1        8   3
   2    0.49077911   3    0.55470885  10    0.05607011
      1        8   3
   4    0.62842494   7    0.44739668  11    0.15779489
      1        8   3
   5    0.62855015   8    0.44737824  12    0.15760430
      1        8   3
   6    0.62862278   9    0.44736537  13    0.15749744
      1        9   1
   1    1.00000000
      1        9   3
   2    0.49077911   3    0.55470885  10    0.05607011
      1        9   3
   4    0.62842494   7    0.44739668  11    0.15779489
      1        9   3
   5    0.62855015   8    0.44737824  12    0.15760430
      1        9   3
   6    0.62862278   9    0.44736537  13    0.15749744
      1       10   1
   1    1.00000000
      1       11   1
   1    1.00000000
      1       11   3
   2    0.49077911   3    0.55470885  10    0.05607011
      1       11   3
   4    0.62842494   7    0.44739668  11    0.15779489
      1       11   3
   5    0.62855015   8    0.44737824  12    0.15760430
      1       11   3
   6    0.62862278   9    0.44736537  13    0.15749744
      1       12   1
   1    1.00000000
      1       13   1
   1    1.00000000
      1       14   1
   1    1.00000000
      1       14   3
   2    0.49077911   3    0.55470885  10    0.05607011
      1       14   3
   4    0.62842494   7    0.44739668  11    0.15779489
      1       14   3
   5    0.62855015   8    0.44737824  12    0.15760430
      1       14   3
   6    0.62862278   9    0.44736537  13    0.15749744
      1       15   1
   1    1.00000000
      1       16   1
   1    1.00000000
      1       16   3
   2    0.49077911   3    0.55470885  10    0.05607011
      1       16   3
   4    0.62842494   7    0.44739668  11    0.15779489
      1       16   3
   5    0.62855015   8    0.44737824  12    0.15760430
      1       16   3
   6    0.62862278   9    0.44736537  13    0.15749744
      1       17   1
   1    1.00000000
      1       18   1
   1    1.00000000
      1       18   3
   2    0.49077911   3    0.55470885  10    0.05607011
      1       18   3
   4    0.62842494   7    0.44739668  11    0.15779489
      1       18   3
   5    0.62855015   8    0.44737824  12    0.15760430
      1       18   3
   6    0.62862278   9    0.44736537  13    0.15749744
      1       19   1
   1    1.00000000
      1       20   1
   1    1.00000000
      1       20   3
   2    0.49077911   3    0.55470885  10    0.05607011
      1       20   3
   4    0.62842494   7    0.44739668  11    0.15779489
      1       20   3
   5    0.62855015   8    0.44737824  12    0.15760430
      1       20   3
   6    0.62862278   9    0.44736537  13    0.15749744
      1       21   1
   1    1.00000000
      1       21   3
   2    0.49077911   3    0.55470885  10    0.05607011
      1       21   3
   4    0.62842494   7    0.44739668  11    0.15779489
      1       21   3
   5    0.62855015   8    0.44737824  12    0.15760430
      1       21   3
   6    0.62862278   9    0.44736537  13    0.15749744
      1       22   1
   1    1.00000000
      1       23   1
   1    1.00000000
      1       23   3
   2    0.49077911   3    0.55470885  10    0.05607011
      1       23   3
   4    0.62842494   7    0.44739668  11    0.15779489
      1       23   3
   5    0.62855015   8    0.44737824  12    0.15760430
      1       23   3
   6    0.62862278   9    0.44736537  13    0.15749744
      1       24   1
   1    1.00000000
      1       25   1
   1    1.00000000
      1       26   1
   1    1.00000000
      1       26   3
   2    0.49077911   3    0.55470885  10    0.05607011
      1       26   3
   4    0.62842494   7    0.44739668  11    0.15779489
      1       26   3
   5    0.62855015   8    0.44737824  12    0.15760430
      1       26   3
   6    0.62862278   9    0.44736537  13    0.15749744
      1       27   1
   1    1.00000000
      1       28   1
   1    1.00000000
      1       28   3
   2    0.49077911   3    0.55470885  10    0.05607011
      1       28   3
   4    0.62842494   7    0.44739668  11    0.15779489
      1       28   3
   5    0.62855015   8    0.44737824  12    0.15760430
      1       28   3
   6    0.62862278   9    0.44736537  13    0.15749744
      1       29   1
   1    1.00000000
      1       29   3
   2    0.49077911   3    0.55470885  10    0.05607011
      1       29   3
   4    0.62842494   7    0.44739668  11    0.15779489
      1       29   3
   5    0.62855015   8    0.44737824  12    0.15760430
      1       29   3
   6    0.62862278   9    0.44736537  13    0.15749744
      1       30   1
   1    1.00000000
      1       31   1
   1    1.00000000
      1       31   3
   2    0.49077911   3    0.55470885  10    0.05607011
      1       31   3
   4    0.62842494   7    0.44739668  11    0.15779489
      1       31   3
   5    0.62855015   8    0.44737824  12    0.15760430
      1       31   3
   6    0.62862278   9    0.44736537  13    0.15749744
      1       32   1
   1    1.00000000
      1       33   1
   1    1.00000000
      1       33   3
   2    0.49077911   3    0.55470885  10    0.05607011
      1       33   3
   4    0.62842494   7    0.44739668  11    0.15779489
      1       33   3
   5    0.62855015   8    0.44737824  12    0.15760430
      1       33   3
   6    0.62862278   9    0.44736537  13    0.15749744
      1       34   1
   1    1.00000000
      1       35   1
   1    1.00000000
      1       35   3
   2    0.49077911   3    0.55470885  10    0.05607011
      1       35   3
   4    0.62842494   7    0.44739668  11    0.15779489
      1       35   3
   5    0.62855015   8    0.44737824  12    0.15760430
      1       35   3
   6    0.62862278   9    0.44736537  13    0.15749744
      1       36   1
   1    1.00000000
      1       37   1
   1    1.00000000
      1       38   1
   1    1.00000000
      1       38   3
   2    0.49077911   3    0.55470885  10    0.05607011
      1       38   3
   4    0.62842494   7    0.44739668  11    0.15779489
      1       38   3
   5    0.62855015   8    0.44737824  12    0.15760430
      1       38   3
   6    0.62862278   9    0.44736537  13    0.15749744
      1       39   1
   1    1.00000000
      1       40   1
   1    1.00000000
      1       40   3
   2    0.49077911   3    0.55470885  10    0.05607011
      1       40   3
   4    0.62842494   7    0.44739668  11    0.15779489
      1       40   3
   5    0.62855015   8    0.44737824  12    0.15760430
      1       40   3
   6    0.62862278   9    0.44736537  13    0.15749744
      1       41   1
   1    1.00000000
      1       41   3
   2    0.49077911   3    0.55470885  10    0.05607011
      1       41   3
   4    0.62842494   7    0.44739668  11    0.15779489
      1       41   3
   5    0.62855015   8    0.44737824  12    0.15760430
      1       41   3
   6    0.62862278   9    0.44736537  13    0.15749744
      1       42   1
   1    1.00000000
      1       43   1
   1    1.00000000
      1       43   3
   2    0.49077911   3    0.55470885  10    0.05607011
      1       43   3
   4    0.62842494   7    0.44739668  11    0.15779489
      1       43   3
   5    0.62855015   8    0.44737824  12    0.15760430
      1       43   3
   6    0.62862278   9    0.44736537  13    0.15749744
      1       44   1
   1    1.00000000
      1       45   1
   1    1.00000000
      1       46   1
   1    1.00000000
      1       46   3
   2    0.49077911   3    0.55470885  10    0.05607011
      1       46   3
   4    0.62842494   7    0.44739668  11    0.15779489
      1       46   3
   5    0.62855015   8    0.44737824  12    0.15760430
      1       46   3
   6    0.62862278   9    0.44736537  13    0.15749744
      1       47   1
   1    1.00000000
      1       48   1
   1    1.00000000
      1       48   3
   2    0.49077911   3    0.55470885  10    0.05607011
      1       48   3
   4    0.62842494   7    0.44739668  11    0.15779489
      1       48   3
   5    0.62855015   8    0.44737824  12    0.15760430
      1       48   3
   6    0.62862278   9    0.44736537  13    0.15749744
      1       49   1
   1    1.00000000
      1       50   1
   1    1.00000000
      1       50   3
   2    0.49077911   3    0.55470885  10    0.05607011
      1       50   3
   4    0.62842494   7    0.44739668  11    0.15779489
      1       50   3
   5    0.62855015   8    0.44737824  12    0.15760430
      1       50   3
   6    0.62862278   9    0.44736537  13    0.15749744
      1       51   1
   1    1.00000000
      1       52   1
   1    1.00000000
      1       52   3
   2    0.49077911   3    0.55470885  10    0.05607011
      1       52   3
   4    0.62842494   7    0.44739668  11    0.15779489
      1       52   3
   5    0.62855015   8    0.44737824  12    0.15760430
      1       52   3
   6    0.62862278   9    0.44736537  13    0.15749744
      1       53   1
   1    1.00000000
      1       53   3
   2    0.49077911   3    0.55470885  10    0.05607011
      1       53   3
   4    0.62842494   7    0.44739668  11    0.15779489
      1       53   3
   5    0.62855015   8    0.44737824  12    0.15760430
      1       53   3
   6    0.62862278   9    0.44736537  13    0.15749744
      1       54   1
   1    1.00000000
      1       55   1
   1    1.00000000
      1       55   3
   2    0.49077911   3    0.55470885  10    0.05607011
      1       55   3
   4    0.62842494   7    0.44739668  11    0.15779489
      1       55   3
   5    0.62855015   8    0.44737824  12    0.15760430
      1       55   3
   6    0.62862278   9    0.44736537  13    0.15749744
      1       56   1
   1    1.00000000
      1       57   1
   1    1.00000000
      1       58   1
   1    1.00000000
      1       58   3
   2    0.49077911   3    0.55470885  10    0.05607011
      1       58   3
   4    0.62842494   7    0.44739668  11    0.15779489
      1       58   3
   5    0.62855015   8    0.44737824  12    0.15760430
      1       58   3
   6    0.62862278   9    0.44736537  13    0.15749744
      1       59   1
   1    1.00000000
      1       60   1
   1    1.00000000
      1       60   3
   2    0.49077911   3    0.55470885  10    0.05607011
      1       60   3
   4    0.62842494   7    0.44739668  11    0.15779489
      1       60   3
   5    0.62855015   8    0.44737824  12    0.15760430
      1       60   3
   6    0.62862278   9    0.44736537  13    0.15749744
      1       61   1
   1    1.00000000
      1       61   3
   2    0.49077911   3    0.55470885  10    0.05607011
      1       61   3
   4    0.62842494   7    0.44739668  11    0.15779489
      1       61   3
   5    0.62855015   8    0.44737824  12    0.15760430
      1       61   3
   6    0.62862278   9    0.44736537  13    0.15749744
      1       62   1
   1    1.00000000
      1       63   1
   1    1.00000000
      1       63   3
   2    0.49077911   3    0.55470885  10    0.05607011
      1       63   3
   4    0.62842494   7    0.44739668  11    0.15779489
      1       63   3
   5    0.62855015   8    0.44737824  12    0.15760430
      1       63   3
   6    0.62862278   9    0.44736537  13    0.15749744
      1       64   1
   1    1.00000000
